[Paths]
question.tag.uuids = e6870969-acff-476d-a549-6a74014e0533
phase.uuid = 1796fa3c-9f53-475f-89ff-c66a0453c42e
contributor.uuid = 7e2925a6-3e9f-4226-bcaa-4c18ea216933
start = 1e85da40-bbfc-4180-903e-6c569ed2da38.73d686bd-7939-412e-8631-502ee6d9ea7b
name.path = 1e85da40-bbfc-4180-903e-6c569ed2da38.73d686bd-7939-412e-8631-502ee6d9ea7b.7e2925a6-3e9f-4226-bcaa-4c18ea216933.6155ad47-3d1e-4488-9f2a-742de1e56580
email.path = 1e85da40-bbfc-4180-903e-6c569ed2da38.73d686bd-7939-412e-8631-502ee6d9ea7b.7e2925a6-3e9f-4226-bcaa-4c18ea216933.3a2ffc13-6a0e-4976-bb34-14ab6d938348
orcid.path = 1e85da40-bbfc-4180-903e-6c569ed2da38.73d686bd-7939-412e-8631-502ee6d9ea7b.7e2925a6-3e9f-4226-bcaa-4c18ea216933.6295a55d-48d7-4f3c-961a-45b38eeea41f
aff.path = 1e85da40-bbfc-4180-903e-6c569ed2da38.73d686bd-7939-412e-8631-502ee6d9ea7b.7e2925a6-3e9f-4226-bcaa-4c18ea216933.68530470-1f1c-4448-8593-63a288713a66
aff.choice.cth = d8efc3fb-9717-4566-9529-e89e71b1554d
role.path = 1e85da40-bbfc-4180-903e-6c569ed2da38.73d686bd-7939-412e-8631-502ee6d9ea7b.7e2925a6-3e9f-4226-bcaa-4c18ea216933.829dcda6-db8a-40ac-819a-92b9b52490f5
role.choice.contact = f7468e79-c621-4ac9-95e0-263ebdf23c73
project.path = 1e85da40-bbfc-4180-903e-6c569ed2da38.c3dabaaf-c946-4a0d-889c-ede966f97667
project.name.path = 1e85da40-bbfc-4180-903e-6c569ed2da38.c3dabaaf-c946-4a0d-889c-ede966f97667.7e2925a6-3e9f-4226-bcaa-4c18ea216933.f0ef08fd-d733-465c-bc66-5de0b826c41b
project.desc.path = 1e85da40-bbfc-4180-903e-6c569ed2da38.c3dabaaf-c946-4a0d-889c-ede966f97667.7e2925a6-3e9f-4226-bcaa-4c18ea216933.22583d74-3c98-4e0a-b363-26d767c88212
project.start.path = 1e85da40-bbfc-4180-903e-6c569ed2da38.c3dabaaf-c946-4a0d-889c-ede966f97667.7e2925a6-3e9f-4226-bcaa-4c18ea216933.de84b9b5-bcd0-4954-8370-72ea83916b8c
project.end.path = 1e85da40-bbfc-4180-903e-6c569ed2da38.c3dabaaf-c946-4a0d-889c-ede966f97667.7e2925a6-3e9f-4226-bcaa-4c18ea216933.cabc6f07-6015-454e-b97a-c34db4ec0c60
funding.path = 1e85da40-bbfc-4180-903e-6c569ed2da38.c3dabaaf-c946-4a0d-889c-ede966f97667.7e2925a6-3e9f-4226-bcaa-4c18ea216933.36a87eac-402d-43fb-a0df-ac5963bdf87d
funder.path = 1e85da40-bbfc-4180-903e-6c569ed2da38.c3dabaaf-c946-4a0d-889c-ede966f97667.7e2925a6-3e9f-4226-bcaa-4c18ea216933.36a87eac-402d-43fb-a0df-ac5963bdf87d.7e2925a6-3e9f-4226-bcaa-4c18ea216933.0b12fb8c-ee0f-40c0-9c53-b6826b786a0c
status.path = 1e85da40-bbfc-4180-903e-6c569ed2da38.c3dabaaf-c946-4a0d-889c-ede966f97667.7e2925a6-3e9f-4226-bcaa-4c18ea216933.36a87eac-402d-43fb-a0df-ac5963bdf87d.7e2925a6-3e9f-4226-bcaa-4c18ea216933.54ff3b18-652f-4235-8f9f-3c87e2d63169
status.choice.granted = dcbeab22-d188-4fa0-b50b-5c9d1a2fbefe
grant.id.path = 1e85da40-bbfc-4180-903e-6c569ed2da38.c3dabaaf-c946-4a0d-889c-ede966f97667.7e2925a6-3e9f-4226-bcaa-4c18ea216933.36a87eac-402d-43fb-a0df-ac5963bdf87d.7e2925a6-3e9f-4226-bcaa-4c18ea216933.1ccbd0bb-4263-4240-9dc5-936ef09eef53
